PRS Decile HR LCL UCL p value
MD 1 1.00 1.00 1.00 .
MD 2 1.32 1.17 1.48 <.0001
MD 3 1.46 1.30 1.64 <.0001
MD 4 1.48 1.32 1.67 <.0001
MD 5 1.72 1.54 1.93 <.0001
MD 6 1.78 1.59 2.00 <.0001
MD 7 1.93 1.72 2.16 <.0001
MD 8 2.14 1.91 2.40 <.0001
MD 9 2.28 2.04 2.55 <.0001
MD 10 2.55 2.28 2.85 <.0001
BD 1 1.00 1.00 1.00 .
BD 2 1.07 0.96 1.19 0.2384
BD 3 1.07 0.97 1.20 0.1893
BD 4 1.12 1.00 1.24 0.0442
BD 5 1.06 0.95 1.18 0.2973
BD 6 1.09 0.98 1.22 0.1090
BD 7 1.13 1.01 1.26 0.0265
BD 8 1.09 0.98 1.22 0.1052
BD 9 1.18 1.06 1.32 0.0019
BD 10 1.22 1.10 1.36 0.0002
SZ 1 1.00 1.00 1.00 .
SZ 2 1.05 0.94 1.17 0.4050
SZ 3 1.11 1.00 1.24 0.0533
SZ 4 1.11 1.00 1.24 0.0528
SZ 5 1.13 1.02 1.26 0.0252
SZ 6 1.12 1.00 1.25 0.0440
SZ 7 1.18 1.06 1.31 0.0030
SZ 8 1.25 1.13 1.40 <.0001
SZ 9 1.37 1.23 1.53 <.0001
SZ 10 1.49 1.34 1.66 <.0001